1000417
1000419
100376
100377
1004891
1004892
1006329
1006330
1006331
1006332
1006333
1006334
1006335
1006336
1006337
1006338
1006339
1006340
1006341
1006342
1006344
1006345
1006346
1006347
1006348
1006350
1006351
101472
101473
101589
101591
101592
101593
101594
101595
101596
101597
101598
101599
101600
101601
102151
102748
102749
102750
102751
102752
102753
102754
102755
102756
102757
102758
102759
102760
102761
102762
102763
102764
102765
102766
102767
102768
102769
102770
102771
102772
102773
102774
102775
102776
102777
1027775
1027776
1027777
1027778
1027779
102778
1027780
1027781
1027782
1027783
1027784
1027785
1027786
1027787
1027788
1027789
102779
1027790
1027791
1027792
1027793
1027794
1027795
1027796
1027797
1027798
1027799
102780
1027800
1027801
1027802
102781
102782
102783
102784
102785
102786
102787
102788
102789
102790
102791
102792
102804
102806
102808
102809
102810
102811
102814
102815
1028379
1028380
102863
1030655
1033235
103743
103744
103745
103746
103749
103750
103751
103752
103753
103754
103755
103756
103757
103758
103759
1041103
1042300
104256
104325
104326
104327
104328
104329
104330
104331
104332
1048535
1048579
1048580
1048581
1048582
1048583
1048584
1048587
1048588
1048872
1048873
1048874
1048875
1048876
1048877
1048878
1048879
1048880
1048881
1048882
1048883
1048884
1048885
1048886
1048887
1048888
1048889
1048891
1048892
1048893
1048894
1048895
1048896
1048897
1048898
1048900
1048901
1048902
1048903
1048904
1048905
1048906
1048907
1048908
1048910
1048911
1048912
1048913
1048914
1048915
1048924
1048925
1048926
1048927
1048928
1048930
1048931
104961
104962
104963
104964
104965
104966
104967
104968
104969
104970
1049745
1049779
1050233
1050234
1052523
1052524
1053092
1053095
1053329
1053330
1053381
1053399
1053400
1053401
105341
1053410
105342
105343
105344
105348
105349
105350
105386
105388
105488
105489
105490
105491
105492
105493
105494
105495
105496
105497
105498
105499
105500
105501
106773
106785
1068890
107243
1073848
1076128
1078588
1078589
1079190
1079191
1079192
1079193
1079194
1079195
1079196
1079197
1079198
1079199
1079200
1079201
1079202
1079203
1079205
1079206
1079207
1079208
1079209
1079210
1079211
1079212
1084505
1090618
1090619
109376
109379
1094606
1094613
1094614
1095260
1095261
1095262
1095263
1095264
1095267
1096083
1099790
1104329
1104330
1111083
1111084
1111085
1111086
1111087
1111088
1111089
1111090
1111091
1111092
1111093
1111094
1111095
1111096
1111097
1111098
1111099
1111100
1111101
1111102
1111767
1112275
1114720
1114767
1114768
1114769
1114770
1114771
1114772
1115467
1115468
1115469
1115760
1115761
1115762
1115763
1115764
1115765
1115766
1115767
1115768
1115769
1115770
1115771
1115772
1115773
1115774
1115775
1115776
1115777
1115778
1115779
1115780
1115781
1115782
1115784
1115785
1115786
1115787
1115788
1115789
1115790
1115791
1115792
1115793
1115794
1115795
1115796
1115797
1115798
1115799
1115800
1117039
1117040
1117042
1120086
1120116
112333
112334
112337
112342
112343
112344
112345
112346
1123467
112347
112350
112351
112352
112353
112370
112371
112372
112373
112374
112375
112380
112381
112382
112383
112384
112385
112392
112393
112394
112395
112396
112399
112400
112401
112402
112403
112404
112408
112411
112435
1125166
1125369
1125375
1125397
1125398
1125402
1125911
1125915
1127049
1127050
1127052
1127086
1127087
1127088
112786
112787
112788
112789
112790
112791
112792
112793
112794
1128218
1128325
1129479
1129726
1130856
1130857
1130858
1130876
113414
113415
113416
113417
113418
1134906
1134907
1134908
1134909
1134910
1134911
113517
1136341
113638
113639
113640
113641
113642
113643
1136742
1136743
1136746
1136747
1136773
1136774
1137569
114188
114189
1142013
1142014
1142015
1142016
1142017
1142018
1142019
1142020
1142021
1142022
1142023
1142024
1142025
1142026
1142027
1142028
1142029
