359846
71322
359859
167684
278950
282596
50458
359856
357223
352370
558138
558123
228778
228780
228779
228776
228777
50461
82356
50463
82286
416611
416612
357225
357224
352371
82288
74718
586512
1400624
1400636
1400615
1068890
1211440
264402
1547872
347884
347885
347883
412662
97980
1532269
1547868
395843
38785
864768
864766
59689
45249
97979
2203890
675859
2203885
81971
2203887
97982
2203886
2203888
675858
2203889
1547871
45251
1547874
302551
2771267
2771268
2771269
2771270
2259847
2259848
253186
253199
282600
264431
359857
2259845
97998
359888
2764686
358676
763973
763984
369039
369042
359883
2771265
375369
491287
369044
264434
744024
2259850
369043
375382
375374
375376
375375
359836
375370
2182743
359892
375378
375377
375379
2259849
2571312
594556
253187
537123
663977
2771262
2771263
763959
369009
2771259
2771260
253202
253200
253198
2820157
1301347
98020
2259843
664031
359838
2771261
368994
2771266
664068
744030
359831
2771264
253203
98021
537194
1248441
106773
414717
457778
81980
300841
224274
664011
1862636
664029
763965
153659
283746
537175
380184
1532295
380182
264427
264432
1906385
1906384
1958966
1958967
650416
650413
650414
650415
264409
1822399
664053
664052
1822400
1822401
1822402
537134
98038
1207048
359867
104256
126273
1520938
1672019
1672020
581001
126270
369024
358669
226051
234454
313683
369028
98002
980117
457770
457792
457767
457768
169068
1366939
536396
536397
536395
1579394
190886
190887
71338
71350
3728
1084505
29728
2777171
2777172
492283
2650123
3715
2070382
416546
3714
3713
178616
178614
178615
1216010
109379
1440582
36774
1652991
3712
1813537
660627
1652997
145471
344680
333344
1204434
1652998
51350
1813535
267281
386281
320797
93385
366462
366468
660054
323353
366466
1652989
1653188
660055
1652996
366467
366463
1652990
655362
366465
366464
1940531
1940530
1653189
3707
2070381
3709
138011
2069296
1920187
664009
1517519
1517517
1517518
71234
2730878
2730856
2730879
555706
2730875
2730876
349956
1891461
2593442
2730877
220483
1078589
1078588
463157
459856
41679
282304
240228
473980
557876
264428
85228
228876
763963
153358
153343
2029243
59292
153459
33125
153348
153338
369006
691213
691791
691212
478944
691208
3724
691214
97864
208903
208936
87302
311941
228562
171822
161950
161951
95413
571357
78190
571362
571374
1891453
1525773
1282094
78191
50454
359818
544825
358662
359840
537172
946220
580998
347880
537117
347890
115930
486118
359822
115926
486132
486131
115925
1222236
500741
115938
359814
983599
89411
190880
153321
763953
358661
2340959
2340962
1398675
2340953
2340957
2340986
2340987
264418
2017959
1533111
202778
434059
1907815
72657
359865
300830
2783680
302114
302141
302120
126278
2498596
1810328
1370069
1137569
78192
97993
345534
1520945
1533221
664034
106785
81972
3711
98039
3702
72664
81985
3716
228871
3730
90675
13288
3726
63677
59691
3708
311912
109376
50452
3710
323352
72658
3719
115924
1594205
190884
169074
65948
107243
161756
391730
347893
347889
81970
51351
